size,avg_num_queries,avg_run_time,std_num_queries,std_run_time
1000,469940.4,6.113377046585083,1845.9937724705353,0.049026409563499344
3000,1131529.0,13.231839036941528,8001.612122566301,0.10361647523655332
5000,1589423.8,18.27311244010925,9341.82422613485,0.10065643985895717
10000,2313558.8,26.11949143409729,11091.280933778567,0.1606371956148674
15000,2625223.0,29.26138095855713,19320.833859851908,0.20302586016934823
20000,2838934.8,31.773944902420045,25403.83589051071,0.3830145602938527
30000,3005235.4,33.48115601539612,41617.75321047497,0.5759210255342939
35000,3090830.4,34.72156805992127,28336.00961405822,0.3030964147935021
40000,3113854.0,35.03711748123169,25941.09871381704,0.34829441904571745
50000,3171741.0,35.39501872062683,33314.250238599096,0.3902244620114094
60000,3115964.6,34.189430236816406,59603.97350217516,0.7616003819645321
