size,avg_num_queries,avg_run_time,std_num_queries,std_run_time
5000,4652009.4,11.085307407379151,23180.967252640687,0.04269845508714466
10000,7377437.8,12.480062246322632,27290.022178664494,0.06654180007659852
20000,10763478.6,15.706906509399413,92605.54759909364,0.10901377927137215
40000,14038616.8,19.625980043411253,67105.61690255145,0.10519618683954002
60000,16050978.4,22.678387022018434,47260.66921625211,0.08417976286294013
80000,17596680.4,24.82320327758789,99175.77092600793,0.19508375886224896
100000,18779428.2,26.70431070327759,91604.74381489203,0.12291726695224034
120000,19904301.6,28.622431230545043,92403.98469183025,0.10818852447291964
160000,21270384.8,31.545263671875,121433.9969752787,0.1784989195270672
200000,22310035.2,33.79109921455383,209101.4625093569,0.2606623874081013
